3
9 7 8
1 2 10 2 2 3
2 4 6 4 7 5 4 1
3 5 12 4 1 6 4 9
4 6 9 4 2 3 5 6
5 7 7 2 4 2
6 9 10 3 4 3 8
7 10 5 2 2 8
8 12 7 3 7 6 9
9 10 13 2 8 3
10 60 50
1 81 13 3 2 4 9 
2 96 43 6 1 4 5 8 9 10 
3 74 96 6 4 5 6 7 8 10 
4 26 13 6 1 2 3 5 6 9 
5 57 64 4 2 3 4 10 
6 2 42 3 3 4 7 
7 9 94 2 3 6 
8 90 77 3 2 3 10 
9 86 24 3 1 2 4 
10 84 55 4 2 3 5 8 
20 100 100
1 146 12 8 3 5 6 8 11 14 15 19 
2 62 44 7 3 4 5 7 10 12 19 
3 94 166 10 1 2 4 7 8 9 10 13 18 19 
4 68 90 3 2 3 10 
5 104 21 5 1 2 6 12 19 
6 101 1 3 1 5 12 
7 11 128 5 2 3 10 12 13 
8 124 143 9 1 3 9 11 14 15 16 17 20 
9 153 129 4 3 8 18 20 
10 51 69 5 2 3 4 7 13 
11 147 32 4 1 8 15 16 
12 31 5 4 2 5 6 7 
13 63 138 3 3 7 10 
14 192 24 6 1 8 15 17 18 20 
15 171 27 6 1 8 11 14 16 17 
16 160 38 3 8 11 15 
17 170 37 3 8 14 15 
18 195 108 4 3 9 14 20 
19 92 43 4 1 2 3 5 
20 141 126 4 8 9 14 18